2,574
4,591
6,574
8,581
10,581
12,581
14,581
16,581
18,581
20,581
22,581
24,581
27,582
29,582
31,582
33,582
35,582
37,583
39,582
41,583
43,582
45,582
47,582
49,582
51,582
53,582
55,582
58,582
60,582
62,583
64,582
66,582
68,582
70,582
72,582
74,582
76,582
78,582
80,582
83,581
85,582
87,582
89,582
91,582
93,582
95,582
97,582
99,582
101,582
103,582
105,582
107,583
109,583
111,582
114,582
116,582
118,582
120,582
122,582
124,584
126,584
128,584
130,584
132,584
134,584
136,584
138,584
141,585
143,584
145,584
147,585
149,585
151,585
153,585
155,585
157,585
159,585
161,586
163,586
165,586
167,587
169,586
172,587
174,587
176,587
178,587
180,587
182,587
184,587
186,587
188,587
190,588
192,588
194,588
196,588
199,588
201,590
203,590
205,591
207,590
209,590
211,590
213,590
215,590
217,590
219,590
221,590
223,590
225,591
227,590
230,590
232,589
234,589
236,589
238,589
240,589
242,589
244,589
246,588
248,588
250,588
252,588
254,589
257,589
259,589
261,589
263,589
265,588
267,589
269,588
271,588
273,589
275,589
277,588
279,588
281,588
283,588
285,588
288,588
290,588
292,587
294,587
296,587
298,587
300,587
302,587
304,587
306,588
308,588
310,588
312,589
314,589
316,589
319,590
321,589
323,589
325,589
327,589
329,589
331,589
333,589
335,588
337,589
339,589
341,589
343,589
346,589
348,589
350,589
352,589
354,589
356,589
358,589
360,589
362,589
364,589
366,589
368,589
370,589
372,589
374,589
377,589
2,589
4,589
6,589
8,589
10,589
12,589
14,589
16,589
18,589
20,589
22,589
24,589
26,589
28,589
31,589
33,589
35,589
37,589
39,589
41,589
43,589
45,589
47,589
49,589
51,589
53,589
55,589
57,589
59,589
62,589
64,589
66,589
68,589
70,589
72,588
74,588
76,588
78,588
80,588
82,588
84,588
86,588
89,588
91,588
93,588
95,588
97,588
99,588
101,588
103,589
105,593
107,603
109,620
111,634
113,644
115,651
117,654
120,657
122,659
124,660
126,657
128,656
130,654
132,651
134,647
136,643
138,639
140,638
142,636
144,633
146,629
149,626
151,624
153,621
155,619
157,620
159,619
161,617
163,617
165,616
167,615
169,614
171,613
173,613
175,611
177,610
180,609
182,609
184,609
186,608
188,608
190,606
192,606
194,604
196,603
198,602
200,601
202,600
205,600
207,600
209,600
211,600
213,599
215,599
217,598
219,598
221,597
223,597
225,597
227,596
229,596
231,596
233,596
236,596
238,596
240,596
242,595
244,595
246,596
248,595
250,596
252,596
254,596
256,595
258,595
260,594
262,594
265,593
267,593
269,593
271,593
273,593
275,592
277,592
279,592
281,591
283,591
285,591
287,591
289,591
291,591
294,590
296,590
298,591
300,591
302,591
304,591
306,591
308,590
310,590
312,590
314,590
316,590
318,590
320,590
322,590
325,590
327,590
329,590
331,590
333,590
335,590
337,590
339,591
341,591
343,591
345,591
347,591
350,591
352,591
354,810
356,1493
358,2160
360,2778
362,3254
364,3574
366,3748
368,3810
370,3790
372,3660
374,3476
376,3294
2,2485
4,2126
6,1977
8,1826
10,1686
12,1583
14,1480
16,1381
18,1287
20,1220
22,1153
24,1089
27,1031
29,979
31,932
33,900
35,868
37,837
39,810
41,787
43,768
45,749
47,730
49,715
51,698
53,682
55,673
58,659
60,653
62,646
64,639
2,625
4,623
6,616
8,614
10,613
12,611
14,605
16,604
18,605
20,600
22,600
24,598
26,599
29,597
31,597
33,597
35,597
37,597
39,596
41,596
43,596
45,596
47,596
49,595
51,595
53,595
55,595
57,593
60,593
62,593
64,592
66,592
68,592
70,592
72,592
74,592
76,592
78,592
80,592
82,591
84,592
87,591
89,590
91,590
93,590
95,590
97,590
99,590
101,590
103,590
105,590
107,590
109,590
111,590
113,590
115,590
118,590
120,590
122,590
124,589
126,589
128,589
130,589
132,589
134,589
136,589
138,589
140,588
142,588
144,588
146,589
149,588
151,589
153,589
155,589
157,589
159,589
161,589
163,589
165,589
167,589
169,589
171,588
174,588
176,588
178,588
180,588
182,588
184,588
186,588
188,588
190,588
192,588
194,588
196,587
198,588
200,588
202,588
205,588
207,588
209,587
211,587
213,587
215,587
217,587
219,587
221,587
223,588
225,587
227,587
230,587
232,587
234,587
236,588
238,588
240,588
242,588
244,587
246,587
248,586
250,586
252,586
254,586
256,586
258,586
261,586
263,586
265,586
267,586
269,586
271,586
273,586
275,586
277,586
279,586
281,586
283,586
285,586
288,586
290,586
292,586
294,586
296,586
298,586
300,586
302,586
304,586
306,586
308,586
310,586
312,587
314,587
316,587
319,587
321,587
323,587
325,586
327,586
329,586
331,587
333,587
335,587
337,587
339,587
341,587
344,587
346,587
348,587
350,587
352,587
354,587
356,587
358,588
360,588
362,588
364,588
366,588
368,588
370,588
372,588
375,588
377,588
379,588
381,588
383,588
385,588
387,588
389,588
391,588
393,588
395,588
397,588
399,588
401,588
404,588
406,588
408,588
410,588
412,588
414,588
416,588
418,588
420,588
422,588
424,587
426,587
428,586
431,587
433,587
435,588
437,588
439,588
441,588
443,588
445,588
447,588
449,588
451,588
453,587
455,587
457,587
459,587
462,587
464,587
466,587
468,587
470,587
472,587
474,587
476,587
478,587
480,587
482,587
484,587
487,587
489,587
491,587
493,587
495,587
497,587
499,587
501,587
503,587
505,587
507,587
509,587
511,587
513,587
515,587
518,587
520,587
522,587
524,587
526,587
528,587
530,587
532,586
534,586
536,586
538,586
540,586
543,586
545,586
547,586
549,586
551,586
553,586
555,586
557,586
559,586
561,586
563,586
565,586
567,586
569,586
571,586
574,586
576,586
578,586
580,585
582,585
584,585
586,585
588,585
590,585
592,585
594,585
596,584
599,584
601,585
603,585
605,585
607,584
609,584
611,584
613,584
615,584
617,584
619,584
621,584
623,584
625,584
627,584
630,583
632,583
634,584
636,584
638,584
640,584
642,583
644,583
646,583
648,583
650,583
652,584
654,583
657,584
659,584
661,584
663,583
665,583
667,583
669,583
671,583
673,583
675,583
677,583
679,583
681,583
683,583
686,582
688,582
690,582
692,582
694,582
696,582
698,582
700,582
702,582
704,582
706,582
708,582
710,582
712,582
714,581
717,581
719,580
721,580
723,580
725,580
727,579
729,579
731,580
733,580
735,580
737,579
739,579
742,579
744,580
746,579
748,580
750,580
752,580
754,580
756,580
758,580
760,580
762,580
764,580
766,580
768,580
770,580
773,580
775,580
777,580
779,580
781,580
783,580
785,580
787,581
789,581
791,581
793,581
795,581
798,580
800,580
802,580
804,580
806,580
808,580
810,580
812,580
814,580
816,580
818,580
820,580
822,580
824,580
826,580
829,581
831,581
833,581
835,581
837,581
839,581
841,581
843,581
845,581
847,581
849,581
851,581
853,580
856,580
858,581
860,581
862,581
864,581
866,581
868,581
870,581
872,581
874,581
15,0
17,0
19,588
21,607
24,607
26,607
28,607
30,607
32,608
34,608
36,607
38,608
40,607
42,607
44,607
46,607
48,606
50,606
52,606
55,606
57,606
59,605
61,605
63,604
65,604
67,604
69,603
71,602
73,602
75,602
77,602
79,602
81,602
83,601
86,601
88,601
90,601
92,601
94,601
96,601
98,601
100,601
102,601
104,601
106,601
109,601
111,601
113,602
115,602
117,602
119,602
121,602
123,602
125,602
127,602
129,602
131,602
133,602
135,602
137,603
140,604
142,604
144,605
146,606
148,606
150,606
152,607
154,608
156,608
158,608
160,608
162,608
164,607
166,607
169,607
171,607
173,607
175,607
177,608
179,608
181,608
183,609
185,609
187,608
189,609
191,609
193,609
195,610
197,610
200,610
202,610
204,610
206,610
208,610
210,609
212,609
214,609
216,610
218,609
220,609
222,609
225,609
227,610
229,610
231,610
233,609
235,609
237,610
239,610
241,610
243,610
245,610
247,610
249,610
251,612
253,612
256,612
258,612
260,612
262,613
264,613
266,613
268,614
270,614
272,615
274,615
276,615
278,615
280,615
282,615
284,615
287,615
289,615
291,615
293,615
295,615
297,615
299,615
301,616
303,616
305,616
307,616
309,616
312,616
314,616
316,616
318,615
320,616
322,616
324,615
326,615
328,615
330,614
332,615
334,615
336,615
338,617
340,617
343,616
345,616
347,617
349,617
351,617
353,617
355,617
357,616
359,617
361,617
363,618
365,618
367,619
370,619
372,619
374,619
376,619
378,619
380,619
382,619
384,620
386,620
388,620
390,620
392,620
394,621
396,621
398,621
401,621
403,621
405,621
407,621
409,621
411,621
413,622
415,624
417,625
419,626
421,627
423,626
426,627
428,627
430,627
432,627
434,627
436,627
438,627
440,627
442,627
444,627
446,627
448,628
450,627
452,627
454,627
457,627
459,627
461,627
463,628
465,628
467,627
469,627
471,627
473,628
475,628
477,628
479,629
481,629
484,630
486,630
488,630
490,631
492,631
494,632
496,632
498,633
500,633
502,634
504,634
506,635
508,636
510,637
513,638
515,638
517,638
519,639
521,639
523,639
525,639
527,639
529,639
531,640
533,640
535,640
537,640
539,640
541,640
544,640
546,640
548,640
550,639
552,639
554,639
556,639
558,639
560,639
562,640
564,639
566,640
568,640
571,640
573,640
575,640
577,640
579,640
581,640
583,640
585,640
587,640
589,640
591,640
593,640
595,640
597,640
599,640
602,640
604,640
606,640
608,640
610,640
612,640
614,640
616,640
618,640
620,640
622,640
624,640
626,640
629,640
631,640
633,640
635,640
637,640
639,640
641,640
643,641
645,641
647,642
649,642
651,642
653,642
655,642
657,642
660,643
662,643
664,643
666,644
668,644
670,644
672,645
674,647
676,647
678,647
680,648
682,648
684,648
687,649
689,649
691,649
693,650
695,650
697,650
699,650
701,650
703,651
705,651
707,651
709,650
711,650
713,649
715,650
718,650
720,650
722,650
724,650
726,650
728,650
730,651
732,652
734,652
736,652
738,652
740,653
742,653
745,653
747,653
749,654
751,654
753,655
755,655
757,655
759,655
761,655
763,655
765,655
767,655
769,655
771,655
774,655
776,655
778,655
780,654
782,654
784,654
786,654
788,654
790,654
792,654
794,654
796,655
798,655
800,655
802,655
805,655
807,655
809,655
811,655
813,655
815,655
817,655
819,655
821,655
823,655
825,655
827,656
829,656
832,656
834,656
836,656
838,656
840,656
842,657
844,657
846,657
848,657
850,657
852,657
854,657
856,658
858,658
860,658
863,658
865,658
867,658
869,658
871,658
873,658
875,658
877,659
879,659
881,659
883,659
885,659
887,659
890,659
892,659
894,659
896,659
898,659
900,659
902,659
904,659
906,659
908,659
910,659
912,659
914,659
916,660
918,660
921,660
923,660
925,660
927,660
929,660
931,660
933,659
935,660
937,660
939,660
941,660
943,660
945,661
948,661
950,661
952,661
954,661
956,661
958,661
960,661
962,661
964,662
966,662
968,662
970,662
972,663
974,662
976,663
979,663
981,663
983,663
985,664
987,665
989,665
991,665
993,665
995,665
997,665
999,665
1001,665
1003,666
1005,666
1008,666
1010,666
1012,667
1014,666
1016,666
1018,666
1020,667
1022,667
1024,666
1026,666
1028,666
1030,666
1032,666
1034,666
1037,666
1039,666
1041,666
1043,666
1045,665
1047,665
1049,665
1051,665
1053,665
1055,665
1057,665
1059,665
1061,665
1063,665
1065,665
1068,665
1070,665
1072,665
1074,665
1076,665
1078,665
1080,665
1082,665
1084,665
1086,665
1088,665
1090,665
1092,665
1095,665
1097,665
1099,665
1101,665
1103,665
1105,665
1107,665
1109,665
1111,665
1113,665
1115,666
1117,666
1119,666
1121,666
1123,667
1126,667
1128,667
1130,667
1132,667
1134,667
1136,668
1138,668
1140,668
1142,668
1144,669
1146,670
1148,670
1150,671
1153,672
1155,672
1157,672
1159,672
1161,672
1163,673
1165,674
1167,675
1169,676
1171,677
1173,678
1175,679
1177,679
1179,679
1181,679
1184,679
1186,678
1188,679
1190,678
1192,678
1194,678
1196,678
1198,678
1200,678
1202,677
1204,677
1206,677
1209,677
1211,677
1213,677
1215,677
1217,677
1219,677
1221,677
1223,676
1225,677
1227,677
1229,676
1231,676
1233,677
1235,677
1238,677
1240,677
1242,677
1244,677
1246,677
1248,677
1250,676
1252,677
1254,677
1256,677
1258,677
1260,678
1262,677
1264,677
1266,677
1269,677
1271,678
1273,677
1275,677
1277,676
1279,676
1281,676
1283,676
1285,676
1287,676
1289,676
1291,676
1293,676
1296,676
1298,676
1300,676
1302,676
1304,676
1306,676
1308,676
1310,676
1312,676
1314,676
1316,676
1318,676
1320,676
1322,676
1324,676
1327,676
1329,677
1331,677
1333,677
1335,677
1337,678
1339,679
1341,680
1343,680
1345,680
1347,681
1349,681
1351,681
1354,682
1356,682
1358,682
1360,682
1362,682
1364,682
1366,681
1368,681
1370,681
1372,681
1374,681
1376,682
1378,681
1380,681
1382,682
1385,682
1387,682
1389,682
1391,682
1393,681
1395,681
1397,682
1399,681
1401,681
1403,681
1405,682
1407,682
1410,682
1412,682
1414,682
1416,681
1418,681
1420,682
1422,682
1424,682
1426,683
1428,683
1430,683
1432,683
1434,683
1436,683
1438,683
1441,683
1443,683
1445,683
1447,683
1449,683
1451,684
1453,684
1455,685
1457,685
1459,685
1461,685
1463,685
1465,685
1468,685
1470,685
1472,686
1474,686
1476,685
1478,685
1480,685
1482,686
1484,686
1486,686
1488,687
1490,687
1492,687
1494,687
1496,689
1499,689
1501,689
1503,688
1505,687
1507,687
1509,688
1511,688
1513,688
1515,688
1517,688
1519,688
1521,688
1523,688
1525,688
1527,689
1530,688
1532,687
1534,687
1536,686
1538,686
1540,686
1542,686
1544,685
1546,686
1548,686
1550,686
1552,687
1554,686
1557,687
1559,687
1561,687
1563,687
1565,686
1567,686
1569,686
1571,686
1573,686
1575,686
1577,687
1579,688
1581,688
1583,689
1585,689
1588,688
1590,688
1592,688
1594,688
1596,689
1598,688
1600,689
1602,688
1604,688
1606,688
1608,688
1610,689
1612,689
1615,689
1617,690
1619,690
1621,690
1623,690
1625,690
1627,690
1629,690
1631,690
1633,690
1635,690
1637,691
1639,693
1641,693
1644,693
1646,692
1648,692
1650,692
1652,692
1654,692
1656,692
1658,692
1660,692
1662,692
1664,692
1666,691
1668,691
1671,691
1673,691
1675,691
1677,691
1679,691
1681,691
1683,691
1685,691
1687,691
1689,692
1691,691
1693,691
1695,691
1697,691
1699,691
1702,692
1704,692
1706,692
1708,692
1710,692
1712,692
1714,691
1716,692
1718,692
1720,692
1722,692
1724,692
1726,691
1728,691
1730,691
1733,692
1735,692
1737,693
1739,693
1741,693
1743,693
1745,693
1747,694
1749,694
1751,694
1753,694
1755,695
1757,695
1760,696
1762,697
1764,697
1766,697
1768,697
1770,697
1772,698
1774,698
1776,699
1778,699
1780,699
1782,699
1784,699
1786,699
1788,699
1791,699
1793,698
1795,698
1797,698
1799,698
1801,697
1803,697
1805,697
1807,697
1809,697
1811,697
1813,697
1815,697
1818,697
1820,697
1822,696
1824,696
1826,696
1828,696
1830,696
1832,696
1834,696
1836,696
1838,696
1840,696
1842,696
1844,696
1846,695
1849,696
1851,696
1853,696
1855,696
1857,696
1859,696
1861,696
1863,695
1865,695
1867,696
1869,696
1871,696
1873,695
1876,695
1878,695
1880,696
1882,696
1884,696
1886,696
1888,695
1890,695
1892,695
1894,695
1896,694
1898,694
1900,695
1902,695
1904,695
1907,694
1909,694
1911,694
1913,694
1915,694
1917,694
1919,694
1921,694
1923,694
1925,694
1927,694
1929,694
1931,694
1934,694
1936,695
1938,696
1940,696
1942,696
1944,696
1946,696
1948,696
1950,696
1952,697
1954,697
1956,697
1958,697
1960,698
1962,698
1965,698
1967,698
1969,698
1971,698
1973,698
1975,698
1977,698
1979,698
1981,698
1983,699
1985,699
1987,699
1989,699
1991,700
1993,700
1996,700
1998,700
2000,700
2002,700
2004,700
2006,701
2008,701
2010,701
2012,702
2014,703
2016,702
2018,703
2021,702
2023,702
2025,703
2027,703
2029,703
2031,703
2033,703
2035,703
2037,703
2039,703
2041,703
2043,703
2045,702
2047,702
2049,703
2052,703
2054,704
2056,704
2058,704
2060,704
2062,704
2064,704
2066,704
2068,704
2070,704
2072,704
2074,704
2076,704
2078,704
2081,704
2083,704
2085,704
2087,703
2089,703
2091,703
2093,703
2095,703
2097,704
2099,703
2101,703
2103,703
2105,703
2107,703
2109,703
2112,703
2114,703
2116,703
2118,702
2120,702
2122,702
2124,702
2126,702
2128,702
2130,702
2132,702
2134,702
2137,702
2139,701
2141,702
2143,702
2145,702
2147,702
2149,702
2151,702
2153,702
2155,702
2157,702
2159,702
2161,703
2163,703
2165,703
2168,703
2170,703
2172,703
2174,703
2176,703
2178,703
2180,703
2182,703
2184,704
2186,704
2188,704
2190,704
2192,704
2194,704
2197,704
2199,704
2201,703
2203,703
2205,703
2207,703
2209,703
2211,703
2213,703
2215,703
2217,703
2219,703
2221,703
2223,703
2225,703
2228,703
2230,703
2232,703
2234,703
2236,703
2238,703
2240,703
2242,703
2244,703
2246,703
2248,703
2250,703
2252,703
2254,703
2257,703
2259,704
2261,704
2263,703
2265,703
2267,703
2269,702
2271,702
2273,702
2275,702
2277,702
2279,703
2281,703
2284,703
2286,703
2288,703
2290,702
2292,702
2294,701
2296,701
2298,701
2300,702
2302,702
2304,703
2306,704
2308,705
2310,704
2312,704
2315,704
2317,703
2319,704
2321,704
2323,704
2325,704
2327,704
2329,704
2331,705
2333,705
2335,705
2337,705
2339,704
2342,705
2344,705
2346,706
2348,706
2350,706
2352,706
2354,706
2356,707
2358,707
2360,707
2362,707
2364,707
2366,707
2368,708
2370,708
2373,709
2375,710
2377,711
2379,711
2381,711
2383,712
2385,712
2387,713
2389,715
2391,715
2393,715
2395,716
2397,716
2400,716
2402,716
2404,717
2406,718
2408,718
2410,718
2412,718
2414,720
2416,719
2418,720
2420,720
2422,720
2424,720
2426,720
2428,720
2431,720
2433,720
2435,719
2437,719
2439,718
2441,718
2443,718
2445,718
2447,717
2449,715
2451,716
2453,716
2455,716
2457,716
2460,716
2462,716
2464,715
2466,715
2468,714
2470,714
2472,715
2474,715
2476,715
2478,716
2480,716
2482,716
2484,716
2486,716
2489,716
2491,717
2493,717
2495,719
2497,720
2499,720
2501,719
2503,719
2505,719
2507,719
2509,720
2511,720
2513,720
2515,720
2517,720
2520,720
2522,720
2524,719
2526,719
2528,719
2530,720
2532,720
2534,720
2536,719
2538,719
2540,719
2542,718
2545,719
2547,718
2549,719
2551,719
2553,719
2555,719
2557,719
2559,719
2561,719
2563,719
2565,719
2567,719
2569,719
2571,719
2573,719
2576,719
2578,719
2580,719
2582,719
2584,720
2586,720
2588,720
2590,720
2592,719
2594,719
2596,719
2598,719
2601,719
2603,719
2605,719
2607,719
2609,719
2611,719
2613,719
2615,719
2617,719
2619,719
2621,719
2623,719
2625,719
2627,719
2629,719
2632,719
2634,719
2636,720
2638,720
2640,720
2642,720
2644,720
2646,720
2648,720
2650,720
2652,720
2654,720
2656,720
2658,721
2661,721
2663,721
2665,721
2667,721
2669,721
2671,721
2673,722
2675,722
2677,722
2679,722
2681,723
2683,723
2685,723
2687,723
2690,724
2692,723
2694,723
2696,723
2698,723
2700,723
2702,723
2704,723
2706,723
2708,723
2710,723
2712,723
2714,723
2716,723
2718,724
2721,723
2723,723
2725,724
2727,723
2729,724
2731,724
2733,724
2735,724
2737,724
2739,725
2741,725
2743,725
2746,724
2748,724
2750,725
2752,725
2754,724
2756,724
2758,724
2760,724
2762,724
2764,724
2766,724
2768,724
2770,724
2772,724
2774,724
2777,723
2779,723
2781,723
2783,722
2785,722
2787,722
2789,722
2791,722
2793,722
2795,722
2797,721
2799,721
2801,721
2804,721
2806,721
2808,721
2810,721
2812,721
2814,722
2816,722
2818,721
2820,721
2822,721
2824,721
2826,721
2828,720
2830,720
2832,720
2835,720
2837,719
2839,719
2841,718
2843,718
2845,718
2847,718
2849,718
2851,717
2853,718
2855,718
2857,720
2859,720
2862,720
2864,720
2866,720
2868,720
2870,721
2872,720
2874,721
2876,721
2878,721
2880,721
2882,721
2884,721
2886,720
2888,720
2890,721
2893,720
2895,720
2897,720
2899,720
2901,720
2903,720
2905,720
2907,720
2909,720
2911,720
2913,720
2915,721
2917,721
2919,721
2922,722
2924,721
2926,721
2928,721
2930,721
2932,721
2934,721
2936,720
2938,721
2940,720
2942,720
2944,720
2946,720
2948,720
2951,720
2953,720
2955,720
2957,720
2959,720
2961,720
2963,720
2965,720
2967,720
2969,720
2971,720
2973,720
2975,720
2977,720
2979,720
2982,720
2984,720
2986,720
2988,720
2990,720
2992,720
2994,720
2996,720
2998,720
3000,720
3002,720
3004,720
3007,720
3009,720
3011,721
3013,721
3015,721
3017,720
3019,720
3021,720
3023,721
3025,721
3027,721
3029,722
3031,722
3033,722
3035,721
3038,722
3040,722
3042,722
3044,722
3046,723
3048,723
3050,723
3052,722
3054,722
3056,722
3058,722
3060,722
3062,723
3065,723
3067,724
3069,724
3071,724
3073,724
3075,724
3077,724
3079,724
3081,725
3083,725
3085,725
3087,726
3089,725
3091,725
3093,725
3096,725
3098,726
3100,726
3102,725
3104,725
3106,726
3108,726
3110,725
3112,725
3114,724
3116,725
3118,725
3120,725
3123,725
3125,725
3127,725
3129,725
3131,726
3133,726
3135,727
3137,727
3139,728
3141,729
3143,730
3145,730
3147,730
3149,730
3152,730
3154,730
3156,730
3158,729
3160,729
3162,729
3164,729
3166,729
3168,728
3170,728
3172,728
3174,729
3176,730
3178,731
3180,731
3183,731
3185,731
3187,731
3189,731
3191,731
3193,731
3195,731
3197,731
3199,732
3201,731
3203,731
3205,731
3208,731
3210,731
3212,731
3214,730
3216,730
3218,730
3220,729
3222,729
3224,729
3226,728
3228,728
3230,728
3232,727
3234,727
3236,727
3239,726
3241,725
3243,725
3245,725
3247,725
3249,725
3251,725
3253,725
3255,725
3257,725
3259,725
3261,725
3263,725
3266,725
3268,725
3270,725
3272,725
3274,725
3276,726
3278,726
3280,726
3282,727
3284,727
3286,727
3288,728
3290,729
3292,729
3294,730
3297,730
3299,730
3301,731
3303,732
3305,732
3307,732
3309,732
3311,732
3313,733
3315,734
3317,734
3319,735
3321,735
3324,735
3326,736
3328,736
3330,738
3332,738
3334,738
3336,738
3338,738
3340,739
3342,739
3344,740
3346,740
3348,739
3350,740
3352,739
3355,739
3357,739
3359,739
3361,738
3363,738
3365,738
3367,738
3369,738
3371,738
3373,738
3375,737
3377,737
3379,736
3382,735
3384,734
3386,734
3388,734
3390,734
3392,734
3394,734
3396,734
3398,734
3400,734
3402,734
3404,733
3406,733
3409,733
3411,733
3413,733
3415,732
3417,732
3419,732
3421,733
3423,733
3425,733
3427,733
3429,732
3431,732
3433,732
3435,732
3437,732
3440,733
3442,733
3444,733
3446,733
3448,732
3450,731
3452,731
3454,731
3456,731
3458,730
3460,730
3462,731
3465,731
3467,731
3469,731
3471,731
3473,731
3475,731
3477,731
3479,730
3481,730
3483,730
3485,729
3487,730
3489,730
3491,729
3493,729
3496,728
3498,728
3500,727
3502,726
3504,726
3506,726
3508,726
3510,725
3512,723
3514,722
3516,722
3518,721
3521,720
3523,720
3525,718
3527,719
2,1259
4,1247
6,1231
8,1202
10,1201
12,1197
14,1191
16,1182
18,1174
20,1164
22,1154
24,1144
27,1133
29,1124
31,1102
33,1088
35,1080
37,1075
39,1076
41,1065
43,1063
45,1057
47,1051
49,1047
51,1043
53,1037
55,1034
58,1032
60,1020
62,1013
64,1003
66,998
68,995
70,996
72,992
74,990
76,987
78,983
80,978
82,977
85,977
87,972
89,969
91,966
93,966
95,963
97,962
99,961
101,957
103,955
105,958
107,957
109,956
111,955
113,955
116,951
118,949
120,949
122,951
124,950
126,950
128,952
130,951
132,951
134,951
136,951
138,951
140,950
143,950
145,950
147,950
149,950
151,950
153,950
155,950
157,950
159,950
161,949
163,949
165,949
167,950
169,950
172,950
174,950
176,951
178,951
180,951
182,951
184,952
186,953
188,953
190,954
192,955
194,954
196,955
199,955
201,955
203,955
205,954
207,954
209,954
211,954
213,953
215,952
217,952
219,952
221,952
223,952
225,952
227,951
230,952
232,952
234,952
236,952
238,952
240,952
242,952
244,952
246,952
248,952
250,952
252,952
254,952
257,954
259,954
261,954
263,954
265,955
267,955
269,955
271,956
273,956
275,957
277,958
279,958
281,958
283,959
285,959
288,960
290,962
292,963
294,963
296,964
298,963
300,964
302,965
304,965
306,966
308,966
310,968
312,973
314,980
316,990
319,995
321,1000
323,992
325,986
327,958
329,872
331,876
333,828
335,800
337,733
339,731
341,725
343,688
346,691
348,696
350,639
352,650
354,621
356,611
358,607
360,590
362,593
364,546
366,542
368,640
370,632
372,641
374,698
377,684
379,540
381,414
383,404
385,477
387,462
389,436
391,511
393,548
395,545
397,544
399,540
401,539
404,545
406,542
408,550
410,555
412,559
414,559
416,552
418,543
420,549
422,558
424,552
426,508
428,549
430,552
432,546
435,595
437,589
439,585
441,570
443,559
445,547
447,525
449,527
451,536
453,540
455,541
457,545
460,544
462,549
464,550
466,552
468,549
470,553
472,552
474,552
476,551
478,548
480,544
482,530
484,519
486,512
488,523
491,527
493,529
495,532
497,535
499,500
501,501
503,587
505,616
507,629
509,620
511,566
513,565
515,541
518,544
520,541
522,541
524,545
526,547
528,548
530,550
532,555
534,558
536,559
538,525
540,531
542,534
544,538
546,537
549,539
551,542
553,541
555,542
557,542
559,545
561,544
563,546
565,544
567,542
569,539
571,537
573,536
575,534
578,535
580,537
582,536
584,537
586,537
588,538
590,539
592,539
594,539
596,540
598,539
600,538
602,538
605,538
607,538
609,538
611,538
613,539
615,538
617,538
619,538
621,539
623,540
625,539
627,539
629,539
631,539
633,539
636,540
638,540
640,541
642,542
644,545
646,546
648,550
650,553
652,554
654,555
656,555
658,555
660,556
663,556
665,556
667,556
669,555
671,555
673,555
675,554
677,553
679,553
681,554
683,554
685,555
687,558
689,559
691,563
694,565
696,580
698,588
700,586
702,586
704,585
706,584
708,581
710,576
712,577
714,576
716,580
718,581
721,582
723,581
725,581
727,581
729,581
731,582
733,581
735,581
737,581
739,582
741,584
743,584
745,585
747,584
749,584
752,583
754,581
756,579
758,599
760,602
762,599
764,596
766,590
768,584
770,578
772,571
774,568
777,564
779,562
781,559
783,557
785,555
787,553
789,549
791,549
793,547
795,544
797,541
799,540
801,541
803,543
805,555
808,551
810,555
812,554
814,552
816,551
818,549
820,548
822,547
824,553
826,587
828,583
830,580
832,574
835,569
837,567
839,565
841,567
843,569
845,542
847,541
849,546
851,550
853,546
855,551
857,545
859,542
861,541
863,539
866,537
868,531
870,520
872,524
874,519
876,517
878,515
880,519
882,522
884,519
886,521
888,522
890,522
892,523
894,521
897,512
899,509
901,507
903,507
905,509
907,507
909,508
911,510
913,511
915,513
917,515
919,516
922,517
924,519
926,519
928,521
930,522
932,523
934,524
936,525
938,525
940,525
942,525
944,527
946,527
948,531
950,531
953,530
955,530
957,528
959,537
961,537
963,539
965,542
967,539
969,540
971,539
973,539
975,541
977,541
980,541
982,539
984,540
986,540
988,541
990,541
992,543
994,542
996,543
998,542
1000,541
1002,534
1004,519
1006,522
1008,519
1011,536
1013,545
1015,551
1017,554
1019,557
1021,556
1023,557
1025,556
1027,556
1029,555
1031,552
1033,553
1035,554
1038,554
1040,554
1042,552
1044,554
1046,556
1048,558
1050,542
1052,546
1054,545
1056,547
1058,548
1060,548
1062,548
1065,548
1067,549
1069,547
1071,548
1073,546
1075,546
1077,544
1079,546
1081,546
1083,538
1085,526
1087,527
1089,525
1092,525
1094,522
1096,524
1098,524
1100,523
1102,523
1104,521
1106,520
1108,522
1110,519
1112,522
1114,522
1116,522
1118,522
1120,521
1123,522
1125,524
1127,526
1129,517
1131,517
1133,515
1135,517
1137,514
1139,512
1141,514
1143,502
1145,505
1147,513
1149,514
1151,513
1154,511
1156,512
1158,513
1160,514
1162,515
1164,516
1166,523
1168,529
1170,536
1172,542
1174,548
1176,552
1178,556
1181,559
1183,566
1185,573
1187,577
1189,580
1191,582
1193,583
1195,584
1197,585
1199,586
1201,587
1203,586
1205,586
1207,585
1209,584
1212,582
1214,581
1216,580
1218,578
1220,576
1222,576
1224,576
1226,575
1228,597
1230,601
1232,608
1234,619
1237,648
1239,680
1241,703
